0.00000000	0.17609375
0.01000000	0.19694014
0.02000000	0.21778653
0.03000000	0.23863293
0.04000000	0.25947932
0.05000000	0.28032571
0.06000000	0.30117210
0.07000000	0.32201850
0.08000000	0.34286489
0.09000000	0.36371128
0.10000000	0.38455767
0.11000000	0.40540407
0.12000000	0.42625046
0.13000000	0.44023437
0.14000000	0.44023437
0.15000000	0.44023437
0.16000000	0.44023437
0.17000000	0.44023437
0.18000000	0.44023437
0.19000000	0.44023437
0.20000000	0.44023437
0.21000000	0.44023437
0.22000000	0.44023437
0.23000000	0.44023437
0.24000000	0.44023437
0.25000000	0.44023437
0.26000000	0.44023437
0.27000000	0.44023437
0.28000000	0.44023437
0.29000000	0.44023437
0.30000000	0.44023437
0.31000000	0.44023437
0.32000000	0.44023437
0.33000000	0.44023437
0.34000000	0.44023437
0.35000000	0.44023437
0.36000000	0.44023437
0.37000000	0.44023437
0.38000000	0.44023437
0.39000000	0.44023437
0.40000000	0.44023437
0.41000000	0.44023437
0.42000000	0.44023437
0.43000000	0.44023437
0.44000000	0.44023437
0.45000000	0.44023437
0.46000000	0.44023437
0.47000000	0.44023437
0.48000000	0.44023437
0.49000000	0.44023437
0.50000000	0.44023437
0.51000000	0.44023437
0.52000000	0.44023437
0.53000000	0.44023437
0.54000000	0.44023437
0.55000000	0.44023437
0.56000000	0.44023437
0.57000000	0.44023437
0.58000000	0.44023437
0.59000000	0.44023437
0.60000000	0.44023437
0.61000000	0.43893443
0.62000000	0.43185484
0.63000000	0.42500000
0.64000000	0.41835937
0.65000000	0.41192308
0.66000000	0.40568182
0.67000000	0.39962687
0.68000000	0.39375000
0.69000000	0.38804348
0.70000000	0.38250000
0.71000000	0.37711268
0.72000000	0.37187500
0.73000000	0.36678082
0.74000000	0.36182432
0.75000000	0.35700000
0.76000000	0.35230263
0.77000000	0.34772727
0.78000000	0.34326923
0.79000000	0.33892405
0.80000000	0.33468750
0.81000000	0.33055556
0.82000000	0.32652439
0.83000000	0.32259036
0.84000000	0.31875000
0.85000000	0.31500000
0.86000000	0.31133721
0.87000000	0.30775862
0.88000000	0.30426136
0.89000000	0.30084270
0.90000000	0.29750000
0.91000000	0.29423077
0.92000000	0.29103261
0.93000000	0.28790323
0.94000000	0.28484043
0.95000000	0.28184211
0.96000000	0.27890625
0.97000000	0.27603093
0.98000000	0.27321429
0.99000000	0.27045455
1.00000000	0.26775000
1.01000000	0.26509901
1.02000000	0.26250000
1.03000000	0.25995146
1.04000000	0.25745192
1.05000000	0.25500000
1.06000000	0.25259434
1.07000000	0.25023364
1.08000000	0.24791667
1.09000000	0.24564220
1.10000000	0.24340909
1.11000000	0.24121622
1.12000000	0.23906250
1.13000000	0.23694690
1.14000000	0.23486842
1.15000000	0.23282609
1.16000000	0.23081897
1.17000000	0.22884615
1.18000000	0.22690678
1.19000000	0.22500000
1.20000000	0.22312500
1.21000000	0.22128099
1.22000000	0.21946721
1.23000000	0.21768293
1.24000000	0.21592742
1.25000000	0.21420000
1.26000000	0.21250000
1.27000000	0.21082677
1.28000000	0.20917969
1.29000000	0.20755814
1.30000000	0.20596154
1.31000000	0.20438931
1.32000000	0.20284091
1.33000000	0.20131579
1.34000000	0.19981343
1.35000000	0.19833333
1.36000000	0.19687500
1.37000000	0.19543796
1.38000000	0.19402174
1.39000000	0.19262590
1.40000000	0.19125000
1.41000000	0.18989362
1.42000000	0.18855634
1.43000000	0.18723776
1.44000000	0.18593750
1.45000000	0.18465517
1.46000000	0.18339041
1.47000000	0.18214286
1.48000000	0.18091216
1.49000000	0.17969799
1.50000000	0.17850000
1.51000000	0.17731788
1.52000000	0.17615132
1.53000000	0.17500000
1.54000000	0.17386364
1.55000000	0.17274194
1.56000000	0.17163462
1.57000000	0.17054140
1.58000000	0.16946203
1.59000000	0.16839623
1.60000000	0.16734375
1.61000000	0.16630435
1.62000000	0.16527778
1.63000000	0.16426380
1.64000000	0.16326220
1.65000000	0.16227273
1.66000000	0.16129518
1.67000000	0.16032934
1.68000000	0.15937500
1.69000000	0.15843195
1.70000000	0.15750000
1.71000000	0.15657895
1.72000000	0.15566860
1.73000000	0.15476879
1.74000000	0.15387931
1.75000000	0.15300000
1.76000000	0.15213068
1.77000000	0.15127119
1.78000000	0.15042135
1.79000000	0.14958101
1.80000000	0.14875000
1.81000000	0.14792818
1.82000000	0.14711538
1.83000000	0.14631148
1.84000000	0.14551630
1.85000000	0.14472973
1.86000000	0.14395161
1.87000000	0.14318182
1.88000000	0.14242021
1.89000000	0.14166667
1.90000000	0.14092105
1.91000000	0.14018325
1.92000000	0.13945312
1.93000000	0.13873057
1.94000000	0.13801546
1.95000000	0.13730769
1.96000000	0.13660714
1.97000000	0.13591371
1.98000000	0.13522727
1.99000000	0.13454774
2.00000000	0.13387500
2.01000000	0.13320896
2.02000000	0.13254950
2.03000000	0.13189655
2.04000000	0.13125000
2.05000000	0.13060976
2.06000000	0.12997573
2.07000000	0.12934783
2.08000000	0.12872596
2.09000000	0.12811005
2.10000000	0.12750000
2.11000000	0.12689573
2.12000000	0.12629717
2.13000000	0.12570423
2.14000000	0.12511682
2.15000000	0.12453488
2.16000000	0.12395833
2.17000000	0.12338710
2.18000000	0.12282110
2.19000000	0.12226027
2.20000000	0.12170455
2.21000000	0.12115385
2.22000000	0.12060811
2.23000000	0.12006726
2.24000000	0.11953125
2.25000000	0.11900000
2.26000000	0.11847345
2.27000000	0.11795154
2.28000000	0.11743421
2.29000000	0.11692140
2.30000000	0.11641304
2.31000000	0.11590909
2.32000000	0.11540948
2.33000000	0.11491416
2.34000000	0.11442308
2.35000000	0.11393617
2.36000000	0.11345339
2.37000000	0.11297468
2.38000000	0.11250000
2.39000000	0.11202929
2.40000000	0.11156250
2.41000000	0.11109959
2.42000000	0.11064050
2.43000000	0.11018519
2.44000000	0.10973361
2.45000000	0.10928571
2.46000000	0.10884146
2.47000000	0.10840081
2.48000000	0.10796371
2.49000000	0.10753012
2.50000000	0.10710000
2.51000000	0.10667331
2.52000000	0.10625000
2.53000000	0.10583004
2.54000000	0.10541339
2.55000000	0.10500000
2.56000000	0.10458984
2.57000000	0.10418288
2.58000000	0.10377907
2.59000000	0.10337838
2.60000000	0.10298077
2.61000000	0.10258621
2.62000000	0.10219466
2.63000000	0.10180608
2.64000000	0.10142045
2.65000000	0.10103774
2.66000000	0.10065789
2.67000000	0.10028090
2.68000000	0.09990672
2.69000000	0.09953532
2.70000000	0.09916667
2.71000000	0.09880074
2.72000000	0.09843750
2.73000000	0.09807692
2.74000000	0.09771898
2.75000000	0.09736364
2.76000000	0.09701087
2.77000000	0.09666065
2.78000000	0.09631295
2.79000000	0.09596774
2.80000000	0.09562500
2.81000000	0.09528470
2.82000000	0.09494681
2.83000000	0.09461131
2.84000000	0.09427817
2.85000000	0.09394737
2.86000000	0.09361888
2.87000000	0.09329268
2.88000000	0.09296875
2.89000000	0.09264706
2.90000000	0.09232759
2.91000000	0.09201031
2.92000000	0.09169521
2.93000000	0.09138225
2.94000000	0.09107143
2.95000000	0.09076271
2.96000000	0.09045608
2.97000000	0.09015152
2.98000000	0.08984899
2.99000000	0.08954849
3.00000000	0.08925000
3.01000000	0.08895349
3.02000000	0.08865894
3.03000000	0.08836634
3.04000000	0.08807566
3.05000000	0.08778689
3.06000000	0.08750000
3.07000000	0.08721498
3.08000000	0.08693182
3.09000000	0.08665049
3.10000000	0.08637097
3.11000000	0.08609325
3.12000000	0.08581731
3.13000000	0.08554313
3.14000000	0.08527070
3.15000000	0.08500000
3.16000000	0.08473101
3.17000000	0.08446372
3.18000000	0.08419811
3.19000000	0.08393417
3.20000000	0.08367187
3.21000000	0.08341121
3.22000000	0.08315217
3.23000000	0.08289474
3.24000000	0.08263889
3.25000000	0.08238462
3.26000000	0.08213190
3.27000000	0.08188073
3.28000000	0.08163110
3.29000000	0.08138298
3.30000000	0.08113636
3.31000000	0.08089124
3.32000000	0.08064759
3.33000000	0.08040541
3.34000000	0.08016467
3.35000000	0.07992537
3.36000000	0.07968750
3.37000000	0.07945104
3.38000000	0.07921598
3.39000000	0.07898230
3.40000000	0.07875000
3.41000000	0.07851906
3.42000000	0.07828947
3.43000000	0.07806122
3.44000000	0.07783430
3.45000000	0.07760870
3.46000000	0.07738439
3.47000000	0.07716138
3.48000000	0.07693966
3.49000000	0.07671920
3.50000000	0.07650000
3.51000000	0.07628205
3.52000000	0.07606534
3.53000000	0.07584986
3.54000000	0.07563559
3.55000000	0.07542254
3.56000000	0.07521067
3.57000000	0.07500000
3.58000000	0.07479050
3.59000000	0.07458217
3.60000000	0.07437500
3.61000000	0.07416898
3.62000000	0.07396409
3.63000000	0.07376033
3.64000000	0.07355769
3.65000000	0.07335616
3.66000000	0.07315574
3.67000000	0.07295640
3.68000000	0.07275815
3.69000000	0.07256098
3.70000000	0.07236486
3.71000000	0.07216981
3.72000000	0.07197581
3.73000000	0.07178284
3.74000000	0.07159091
3.75000000	0.07140000
3.76000000	0.07121011
3.77000000	0.07102122
3.78000000	0.07083333
3.79000000	0.07064644
3.80000000	0.07046053
3.81000000	0.07027559
3.82000000	0.07009162
3.83000000	0.06990862
3.84000000	0.06972656
3.85000000	0.06954545
3.86000000	0.06936528
3.87000000	0.06918605
3.88000000	0.06900773
3.89000000	0.06883033
3.90000000	0.06865385
3.91000000	0.06847826
3.92000000	0.06830357
3.93000000	0.06812977
3.94000000	0.06795685
3.95000000	0.06778481
3.96000000	0.06761364
3.97000000	0.06744332
3.98000000	0.06727387
3.99000000	0.06710526
4.00000000	0.06693750
4.01000000	0.06677057
4.02000000	0.06660448
4.03000000	0.06643921
4.04000000	0.06627475
4.05000000	0.06611111
4.06000000	0.06594828
4.07000000	0.06578624
4.08000000	0.06562500
4.09000000	0.06530449
4.10000000	0.06498632
4.11000000	0.06467047
4.12000000	0.06435691
4.13000000	0.06404564
4.14000000	0.06373661
4.15000000	0.06342982
4.16000000	0.06312523
4.17000000	0.06282284
4.18000000	0.06252261
4.19000000	0.06222453
4.20000000	0.06192857
4.21000000	0.06163472
4.22000000	0.06134296
4.23000000	0.06105327
4.24000000	0.06076562
4.25000000	0.06048000
4.26000000	0.06019639
4.27000000	0.05991477
4.28000000	0.05963512
4.29000000	0.05935743
4.30000000	0.05908167
4.31000000	0.05880782
4.32000000	0.05853588
4.33000000	0.05826582
4.34000000	0.05799762
4.35000000	0.05773127
4.36000000	0.05746675
4.37000000	0.05720405
4.38000000	0.05694314
4.39000000	0.05668401
4.40000000	0.05642665
4.41000000	0.05617104
4.42000000	0.05591716
4.43000000	0.05566500
4.44000000	0.05541454
4.45000000	0.05516576
4.46000000	0.05491866
4.47000000	0.05467321
4.48000000	0.05442941
4.49000000	0.05418723
4.50000000	0.05394667
4.51000000	0.05370770
4.52000000	0.05347032
4.53000000	0.05323451
4.54000000	0.05300025
4.55000000	0.05276754
4.56000000	0.05253636
4.57000000	0.05230669
4.58000000	0.05207853
4.59000000	0.05185185
4.60000000	0.05162665
4.61000000	0.05140292
4.62000000	0.05118064
4.63000000	0.05095979
4.64000000	0.05074038
4.65000000	0.05052237
4.66000000	0.05030577
4.67000000	0.05009056
4.68000000	0.04987673
4.69000000	0.04966426
4.70000000	0.04945315
4.71000000	0.04924338
4.72000000	0.04903494
4.73000000	0.04882782
4.74000000	0.04862202
4.75000000	0.04841751
4.76000000	0.04821429
4.77000000	0.04801234
4.78000000	0.04781166
4.79000000	0.04761224
4.80000000	0.04741406
4.81000000	0.04721712
4.82000000	0.04702140
4.83000000	0.04682690
4.84000000	0.04663360
4.85000000	0.04644149
4.86000000	0.04625057
4.87000000	0.04606083
4.88000000	0.04587225
4.89000000	0.04568482
4.90000000	0.04549854
4.91000000	0.04531340
4.92000000	0.04512939
4.93000000	0.04494649
4.94000000	0.04476471
4.95000000	0.04458402
4.96000000	0.04440443
4.97000000	0.04422592
4.98000000	0.04404848
4.99000000	0.04387211
5.00000000	0.04369680
