0.00000000	0.75468750
0.01000000	0.84402918
0.02000000	0.93337086
0.03000000	1.02271255
0.04000000	1.11205423
0.05000000	1.20139591
0.06000000	1.29073759
0.07000000	1.38007927
0.08000000	1.46942096
0.09000000	1.55876264
0.10000000	1.64810432
0.11000000	1.73744600
0.12000000	1.82678768
0.13000000	1.88671875
0.14000000	1.88671875
0.15000000	1.88671875
0.16000000	1.88671875
0.17000000	1.88671875
0.18000000	1.88671875
0.19000000	1.88671875
0.20000000	1.88671875
0.21000000	1.88671875
0.22000000	1.88671875
0.23000000	1.88671875
0.24000000	1.88671875
0.25000000	1.88671875
0.26000000	1.88671875
0.27000000	1.88671875
0.28000000	1.88671875
0.29000000	1.88671875
0.30000000	1.88671875
0.31000000	1.88671875
0.32000000	1.88671875
0.33000000	1.88671875
0.34000000	1.88671875
0.35000000	1.88671875
0.36000000	1.88671875
0.37000000	1.88671875
0.38000000	1.88671875
0.39000000	1.88671875
0.40000000	1.88671875
0.41000000	1.88671875
0.42000000	1.88671875
0.43000000	1.88671875
0.44000000	1.88671875
0.45000000	1.88671875
0.46000000	1.88671875
0.47000000	1.88671875
0.48000000	1.88671875
0.49000000	1.88671875
0.50000000	1.88671875
0.51000000	1.88671875
0.52000000	1.88671875
0.53000000	1.88671875
0.54000000	1.88671875
0.55000000	1.88671875
0.56000000	1.88671875
0.57000000	1.88671875
0.58000000	1.88671875
0.59000000	1.88671875
0.60000000	1.88671875
0.61000000	1.88114754
0.62000000	1.85080645
0.63000000	1.82142857
0.64000000	1.79296875
0.65000000	1.76538462
0.66000000	1.73863636
0.67000000	1.71268657
0.68000000	1.68750000
0.69000000	1.66304348
0.70000000	1.63928571
0.71000000	1.61619718
0.72000000	1.59375000
0.73000000	1.57191781
0.74000000	1.55067568
0.75000000	1.53000000
0.76000000	1.50986842
0.77000000	1.49025974
0.78000000	1.47115385
0.79000000	1.45253165
0.80000000	1.43437500
0.81000000	1.41666667
0.82000000	1.39939024
0.83000000	1.38253012
0.84000000	1.36607143
0.85000000	1.35000000
0.86000000	1.33430233
0.87000000	1.31896552
0.88000000	1.30397727
0.89000000	1.28932584
0.90000000	1.27500000
0.91000000	1.26098901
0.92000000	1.24728261
0.93000000	1.23387097
0.94000000	1.22074468
0.95000000	1.20789474
0.96000000	1.19531250
0.97000000	1.18298969
0.98000000	1.17091837
0.99000000	1.15909091
1.00000000	1.14750000
1.01000000	1.13613861
1.02000000	1.12500000
1.03000000	1.11407767
1.04000000	1.10336538
1.05000000	1.09285714
1.06000000	1.08254717
1.07000000	1.07242991
1.08000000	1.06250000
1.09000000	1.05275229
1.10000000	1.04318182
1.11000000	1.03378378
1.12000000	1.02455357
1.13000000	1.01548673
1.14000000	1.00657895
1.15000000	0.99782609
1.16000000	0.98922414
1.17000000	0.98076923
1.18000000	0.97245763
1.19000000	0.96428571
1.20000000	0.95625000
1.21000000	0.94834711
1.22000000	0.94057377
1.23000000	0.93292683
1.24000000	0.92540323
1.25000000	0.91800000
1.26000000	0.91071429
1.27000000	0.90354331
1.28000000	0.89648438
1.29000000	0.88953488
1.30000000	0.88269231
1.31000000	0.87595420
1.32000000	0.86931818
1.33000000	0.86278195
1.34000000	0.85634328
1.35000000	0.85000000
1.36000000	0.84375000
1.37000000	0.83759124
1.38000000	0.83152174
1.39000000	0.82553957
1.40000000	0.81964286
1.41000000	0.81382979
1.42000000	0.80809859
1.43000000	0.80244755
1.44000000	0.79687500
1.45000000	0.79137931
1.46000000	0.78595890
1.47000000	0.78061224
1.48000000	0.77533784
1.49000000	0.77013423
1.50000000	0.76500000
1.51000000	0.75993377
1.52000000	0.75493421
1.53000000	0.75000000
1.54000000	0.74512987
1.55000000	0.74032258
1.56000000	0.73557692
1.57000000	0.73089172
1.58000000	0.72626582
1.59000000	0.72169811
1.60000000	0.71718750
1.61000000	0.71273292
1.62000000	0.70833333
1.63000000	0.70398773
1.64000000	0.69969512
1.65000000	0.69545455
1.66000000	0.69126506
1.67000000	0.68712575
1.68000000	0.68303571
1.69000000	0.67899408
1.70000000	0.67500000
1.71000000	0.67105263
1.72000000	0.66715116
1.73000000	0.66329480
1.74000000	0.65948276
1.75000000	0.65571429
1.76000000	0.65198864
1.77000000	0.64830508
1.78000000	0.64466292
1.79000000	0.64106145
1.80000000	0.63750000
1.81000000	0.63397790
1.82000000	0.63049451
1.83000000	0.62704918
1.84000000	0.62364130
1.85000000	0.62027027
1.86000000	0.61693548
1.87000000	0.61363636
1.88000000	0.61037234
1.89000000	0.60714286
1.90000000	0.60394737
1.91000000	0.60078534
1.92000000	0.59765625
1.93000000	0.59455959
1.94000000	0.59149485
1.95000000	0.58846154
1.96000000	0.58545918
1.97000000	0.58248731
1.98000000	0.57954545
1.99000000	0.57663317
2.00000000	0.57375000
2.01000000	0.57089552
2.02000000	0.56806931
2.03000000	0.56527094
2.04000000	0.56250000
2.05000000	0.55975610
2.06000000	0.55703883
2.07000000	0.55434783
2.08000000	0.55168269
2.09000000	0.54904306
2.10000000	0.54642857
2.11000000	0.54383886
2.12000000	0.54127358
2.13000000	0.53873239
2.14000000	0.53621495
2.15000000	0.53372093
2.16000000	0.53125000
2.17000000	0.52880184
2.18000000	0.52637615
2.19000000	0.52397260
2.20000000	0.52159091
2.21000000	0.51923077
2.22000000	0.51689189
2.23000000	0.51457399
2.24000000	0.51227679
2.25000000	0.51000000
2.26000000	0.50774336
2.27000000	0.50550661
2.28000000	0.50328947
2.29000000	0.50109170
2.30000000	0.49891304
2.31000000	0.49675325
2.32000000	0.49461207
2.33000000	0.49248927
2.34000000	0.49038462
2.35000000	0.48829787
2.36000000	0.48622881
2.37000000	0.48417722
2.38000000	0.48214286
2.39000000	0.48012552
2.40000000	0.47812500
2.41000000	0.47614108
2.42000000	0.47417355
2.43000000	0.47222222
2.44000000	0.47028689
2.45000000	0.46836735
2.46000000	0.46646341
2.47000000	0.46457490
2.48000000	0.46270161
2.49000000	0.46084337
2.50000000	0.45900000
2.51000000	0.45717131
2.52000000	0.45535714
2.53000000	0.45355731
2.54000000	0.45177165
2.55000000	0.45000000
2.56000000	0.44824219
2.57000000	0.44649805
2.58000000	0.44476744
2.59000000	0.44305019
2.60000000	0.44134615
2.61000000	0.43965517
2.62000000	0.43797710
2.63000000	0.43631179
2.64000000	0.43465909
2.65000000	0.43301887
2.66000000	0.43139098
2.67000000	0.42977528
2.68000000	0.42817164
2.69000000	0.42657993
2.70000000	0.42500000
2.71000000	0.42343173
2.72000000	0.42187500
2.73000000	0.42032967
2.74000000	0.41879562
2.75000000	0.41727273
2.76000000	0.41576087
2.77000000	0.41425993
2.78000000	0.41276978
2.79000000	0.41129032
2.80000000	0.40982143
2.81000000	0.40836299
2.82000000	0.40691489
2.83000000	0.40547703
2.84000000	0.40404930
2.85000000	0.40263158
2.86000000	0.40122378
2.87000000	0.39982578
2.88000000	0.39843750
2.89000000	0.39705882
2.90000000	0.39568966
2.91000000	0.39432990
2.92000000	0.39297945
2.93000000	0.39163823
2.94000000	0.39030612
2.95000000	0.38898305
2.96000000	0.38766892
2.97000000	0.38636364
2.98000000	0.38506711
2.99000000	0.38377926
3.00000000	0.38250000
3.01000000	0.38122924
3.02000000	0.37996689
3.03000000	0.37871287
3.04000000	0.37746711
3.05000000	0.37622951
3.06000000	0.37500000
3.07000000	0.37377850
3.08000000	0.37256494
3.09000000	0.37135922
3.10000000	0.37016129
3.11000000	0.36897106
3.12000000	0.36778846
3.13000000	0.36661342
3.14000000	0.36544586
3.15000000	0.36428571
3.16000000	0.36313291
3.17000000	0.36198738
3.18000000	0.36084906
3.19000000	0.35971787
3.20000000	0.35859375
3.21000000	0.35747664
3.22000000	0.35636646
3.23000000	0.35526316
3.24000000	0.35416667
3.25000000	0.35307692
3.26000000	0.35199387
3.27000000	0.35091743
3.28000000	0.34984756
3.29000000	0.34878419
3.30000000	0.34772727
3.31000000	0.34667674
3.32000000	0.34563253
3.33000000	0.34459459
3.34000000	0.34356287
3.35000000	0.34253731
3.36000000	0.34151786
3.37000000	0.34050445
3.38000000	0.33949704
3.39000000	0.33849558
3.40000000	0.33750000
3.41000000	0.33651026
3.42000000	0.33552632
3.43000000	0.33454810
3.44000000	0.33357558
3.45000000	0.33260870
3.46000000	0.33164740
3.47000000	0.33069164
3.48000000	0.32974138
3.49000000	0.32879656
3.50000000	0.32785714
3.51000000	0.32692308
3.52000000	0.32599432
3.53000000	0.32507082
3.54000000	0.32415254
3.55000000	0.32323944
3.56000000	0.32233146
3.57000000	0.32142857
3.58000000	0.32053073
3.59000000	0.31963788
3.60000000	0.31875000
3.61000000	0.31786704
3.62000000	0.31698895
3.63000000	0.31611570
3.64000000	0.31524725
3.65000000	0.31438356
3.66000000	0.31352459
3.67000000	0.31267030
3.68000000	0.31182065
3.69000000	0.31097561
3.70000000	0.31013514
3.71000000	0.30929919
3.72000000	0.30846774
3.73000000	0.30764075
3.74000000	0.30681818
3.75000000	0.30600000
3.76000000	0.30518617
3.77000000	0.30437666
3.78000000	0.30357143
3.79000000	0.30277045
3.80000000	0.30197368
3.81000000	0.30118110
3.82000000	0.30039267
3.83000000	0.29960836
3.84000000	0.29882812
3.85000000	0.29805195
3.86000000	0.29727979
3.87000000	0.29651163
3.88000000	0.29574742
3.89000000	0.29498715
3.90000000	0.29423077
3.91000000	0.29347826
3.92000000	0.29272959
3.93000000	0.29198473
3.94000000	0.29124365
3.95000000	0.29050633
3.96000000	0.28977273
3.97000000	0.28904282
3.98000000	0.28831658
3.99000000	0.28759398
4.00000000	0.28687500
4.01000000	0.28615960
4.02000000	0.28544776
4.03000000	0.28473945
4.04000000	0.28403465
4.05000000	0.28333333
4.06000000	0.28263547
4.07000000	0.28194103
4.08000000	0.28125000
4.09000000	0.27987638
4.10000000	0.27851279
4.11000000	0.27715915
4.12000000	0.27581535
4.13000000	0.27448129
4.14000000	0.27315690
4.15000000	0.27184207
4.16000000	0.27053670
4.17000000	0.26924072
4.18000000	0.26795403
4.19000000	0.26667654
4.20000000	0.26540816
4.21000000	0.26414881
4.22000000	0.26289841
4.23000000	0.26165686
4.24000000	0.26042408
4.25000000	0.25920000
4.26000000	0.25798453
4.27000000	0.25677758
4.28000000	0.25557909
4.29000000	0.25438897
4.30000000	0.25320714
4.31000000	0.25203353
4.32000000	0.25086806
4.33000000	0.24971065
4.34000000	0.24856124
4.35000000	0.24741974
4.36000000	0.24628609
4.37000000	0.24516021
4.38000000	0.24404203
4.39000000	0.24293149
4.40000000	0.24182851
4.41000000	0.24073303
4.42000000	0.23964497
4.43000000	0.23856427
4.44000000	0.23749087
4.45000000	0.23642469
4.46000000	0.23536568
4.47000000	0.23431377
4.48000000	0.23326889
4.49000000	0.23223099
4.50000000	0.23120000
4.51000000	0.23017586
4.52000000	0.22915851
4.53000000	0.22814789
4.54000000	0.22714394
4.55000000	0.22614660
4.56000000	0.22515582
4.57000000	0.22417153
4.58000000	0.22319368
4.59000000	0.22222222
4.60000000	0.22125709
4.61000000	0.22029823
4.62000000	0.21934559
4.63000000	0.21839912
4.64000000	0.21745875
4.65000000	0.21652445
4.66000000	0.21559616
4.67000000	0.21467383
4.68000000	0.21375740
4.69000000	0.21284682
4.70000000	0.21194206
4.71000000	0.21104304
4.72000000	0.21014974
4.73000000	0.20926210
4.74000000	0.20838007
4.75000000	0.20750360
4.76000000	0.20663265
4.77000000	0.20576718
4.78000000	0.20490713
4.79000000	0.20405246
4.80000000	0.20320312
4.81000000	0.20235908
4.82000000	0.20152029
4.83000000	0.20068670
4.84000000	0.19985827
4.85000000	0.19903497
4.86000000	0.19821674
4.87000000	0.19740354
4.88000000	0.19659534
4.89000000	0.19579209
4.90000000	0.19499375
4.91000000	0.19420029
4.92000000	0.19341166
4.93000000	0.19262782
4.94000000	0.19184874
4.95000000	0.19107438
4.96000000	0.19030470
4.97000000	0.18953965
4.98000000	0.18877921
4.99000000	0.18802334
5.00000000	0.18727200
