0.00000000	0.50312500
0.01000000	0.56268612
0.02000000	0.62224724
0.03000000	0.68180836
0.04000000	0.74136949
0.05000000	0.80093061
0.06000000	0.86049173
0.07000000	0.92005285
0.08000000	0.97961397
0.09000000	1.03917509
0.10000000	1.09873621
0.11000000	1.15829733
0.12000000	1.21785846
0.13000000	1.25781250
0.14000000	1.25781250
0.15000000	1.25781250
0.16000000	1.25781250
0.17000000	1.25781250
0.18000000	1.25781250
0.19000000	1.25781250
0.20000000	1.25781250
0.21000000	1.25781250
0.22000000	1.25781250
0.23000000	1.25781250
0.24000000	1.25781250
0.25000000	1.25781250
0.26000000	1.25781250
0.27000000	1.25781250
0.28000000	1.25781250
0.29000000	1.25781250
0.30000000	1.25781250
0.31000000	1.25781250
0.32000000	1.25781250
0.33000000	1.25781250
0.34000000	1.25781250
0.35000000	1.25781250
0.36000000	1.25781250
0.37000000	1.25781250
0.38000000	1.25781250
0.39000000	1.25781250
0.40000000	1.25781250
0.41000000	1.25781250
0.42000000	1.25781250
0.43000000	1.25781250
0.44000000	1.25781250
0.45000000	1.25781250
0.46000000	1.25781250
0.47000000	1.25781250
0.48000000	1.25781250
0.49000000	1.25781250
0.50000000	1.25781250
0.51000000	1.25781250
0.52000000	1.25781250
0.53000000	1.25781250
0.54000000	1.25781250
0.55000000	1.25781250
0.56000000	1.25781250
0.57000000	1.25781250
0.58000000	1.25781250
0.59000000	1.25781250
0.60000000	1.25781250
0.61000000	1.25409836
0.62000000	1.23387097
0.63000000	1.21428571
0.64000000	1.19531250
0.65000000	1.17692308
0.66000000	1.15909091
0.67000000	1.14179104
0.68000000	1.12500000
0.69000000	1.10869565
0.70000000	1.09285714
0.71000000	1.07746479
0.72000000	1.06250000
0.73000000	1.04794521
0.74000000	1.03378378
0.75000000	1.02000000
0.76000000	1.00657895
0.77000000	0.99350649
0.78000000	0.98076923
0.79000000	0.96835443
0.80000000	0.95625000
0.81000000	0.94444444
0.82000000	0.93292683
0.83000000	0.92168675
0.84000000	0.91071429
0.85000000	0.90000000
0.86000000	0.88953488
0.87000000	0.87931034
0.88000000	0.86931818
0.89000000	0.85955056
0.90000000	0.85000000
0.91000000	0.84065934
0.92000000	0.83152174
0.93000000	0.82258065
0.94000000	0.81382979
0.95000000	0.80526316
0.96000000	0.79687500
0.97000000	0.78865979
0.98000000	0.78061224
0.99000000	0.77272727
1.00000000	0.76500000
1.01000000	0.75742574
1.02000000	0.75000000
1.03000000	0.74271845
1.04000000	0.73557692
1.05000000	0.72857143
1.06000000	0.72169811
1.07000000	0.71495327
1.08000000	0.70833333
1.09000000	0.70183486
1.10000000	0.69545455
1.11000000	0.68918919
1.12000000	0.68303571
1.13000000	0.67699115
1.14000000	0.67105263
1.15000000	0.66521739
1.16000000	0.65948276
1.17000000	0.65384615
1.18000000	0.64830508
1.19000000	0.64285714
1.20000000	0.63750000
1.21000000	0.63223140
1.22000000	0.62704918
1.23000000	0.62195122
1.24000000	0.61693548
1.25000000	0.61200000
1.26000000	0.60714286
1.27000000	0.60236220
1.28000000	0.59765625
1.29000000	0.59302326
1.30000000	0.58846154
1.31000000	0.58396947
1.32000000	0.57954545
1.33000000	0.57518797
1.34000000	0.57089552
1.35000000	0.56666667
1.36000000	0.56250000
1.37000000	0.55839416
1.38000000	0.55434783
1.39000000	0.55035971
1.40000000	0.54642857
1.41000000	0.54255319
1.42000000	0.53873239
1.43000000	0.53496503
1.44000000	0.53125000
1.45000000	0.52758621
1.46000000	0.52397260
1.47000000	0.52040816
1.48000000	0.51689189
1.49000000	0.51342282
1.50000000	0.51000000
1.51000000	0.50662252
1.52000000	0.50328947
1.53000000	0.50000000
1.54000000	0.49675325
1.55000000	0.49354839
1.56000000	0.49038462
1.57000000	0.48726115
1.58000000	0.48417722
1.59000000	0.48113208
1.60000000	0.47812500
1.61000000	0.47515528
1.62000000	0.47222222
1.63000000	0.46932515
1.64000000	0.46646341
1.65000000	0.46363636
1.66000000	0.46084337
1.67000000	0.45808383
1.68000000	0.45535714
1.69000000	0.45266272
1.70000000	0.45000000
1.71000000	0.44736842
1.72000000	0.44476744
1.73000000	0.44219653
1.74000000	0.43965517
1.75000000	0.43714286
1.76000000	0.43465909
1.77000000	0.43220339
1.78000000	0.42977528
1.79000000	0.42737430
1.80000000	0.42500000
1.81000000	0.42265193
1.82000000	0.42032967
1.83000000	0.41803279
1.84000000	0.41576087
1.85000000	0.41351351
1.86000000	0.41129032
1.87000000	0.40909091
1.88000000	0.40691489
1.89000000	0.40476190
1.90000000	0.40263158
1.91000000	0.40052356
1.92000000	0.39843750
1.93000000	0.39637306
1.94000000	0.39432990
1.95000000	0.39230769
1.96000000	0.39030612
1.97000000	0.38832487
1.98000000	0.38636364
1.99000000	0.38442211
2.00000000	0.38250000
2.01000000	0.38059701
2.02000000	0.37871287
2.03000000	0.37684729
2.04000000	0.37500000
2.05000000	0.37317073
2.06000000	0.37135922
2.07000000	0.36956522
2.08000000	0.36778846
2.09000000	0.36602871
2.10000000	0.36428571
2.11000000	0.36255924
2.12000000	0.36084906
2.13000000	0.35915493
2.14000000	0.35747664
2.15000000	0.35581395
2.16000000	0.35416667
2.17000000	0.35253456
2.18000000	0.35091743
2.19000000	0.34931507
2.20000000	0.34772727
2.21000000	0.34615385
2.22000000	0.34459459
2.23000000	0.34304933
2.24000000	0.34151786
2.25000000	0.34000000
2.26000000	0.33849558
2.27000000	0.33700441
2.28000000	0.33552632
2.29000000	0.33406114
2.30000000	0.33260870
2.31000000	0.33116883
2.32000000	0.32974138
2.33000000	0.32832618
2.34000000	0.32692308
2.35000000	0.32553191
2.36000000	0.32415254
2.37000000	0.32278481
2.38000000	0.32142857
2.39000000	0.32008368
2.40000000	0.31875000
2.41000000	0.31742739
2.42000000	0.31611570
2.43000000	0.31481481
2.44000000	0.31352459
2.45000000	0.31224490
2.46000000	0.31097561
2.47000000	0.30971660
2.48000000	0.30846774
2.49000000	0.30722892
2.50000000	0.30600000
2.51000000	0.30478088
2.52000000	0.30357143
2.53000000	0.30237154
2.54000000	0.30118110
2.55000000	0.30000000
2.56000000	0.29882812
2.57000000	0.29766537
2.58000000	0.29651163
2.59000000	0.29536680
2.60000000	0.29423077
2.61000000	0.29310345
2.62000000	0.29198473
2.63000000	0.29087452
2.64000000	0.28977273
2.65000000	0.28867925
2.66000000	0.28759398
2.67000000	0.28651685
2.68000000	0.28544776
2.69000000	0.28438662
2.70000000	0.28333333
2.71000000	0.28228782
2.72000000	0.28125000
2.73000000	0.28021978
2.74000000	0.27919708
2.75000000	0.27818182
2.76000000	0.27717391
2.77000000	0.27617329
2.78000000	0.27517986
2.79000000	0.27419355
2.80000000	0.27321429
2.81000000	0.27224199
2.82000000	0.27127660
2.83000000	0.27031802
2.84000000	0.26936620
2.85000000	0.26842105
2.86000000	0.26748252
2.87000000	0.26655052
2.88000000	0.26562500
2.89000000	0.26470588
2.90000000	0.26379310
2.91000000	0.26288660
2.92000000	0.26198630
2.93000000	0.26109215
2.94000000	0.26020408
2.95000000	0.25932203
2.96000000	0.25844595
2.97000000	0.25757576
2.98000000	0.25671141
2.99000000	0.25585284
3.00000000	0.25500000
3.01000000	0.25415282
3.02000000	0.25331126
3.03000000	0.25247525
3.04000000	0.25164474
3.05000000	0.25081967
3.06000000	0.25000000
3.07000000	0.24918567
3.08000000	0.24837662
3.09000000	0.24757282
3.10000000	0.24677419
3.11000000	0.24598071
3.12000000	0.24519231
3.13000000	0.24440895
3.14000000	0.24363057
3.15000000	0.24285714
3.16000000	0.24208861
3.17000000	0.24132492
3.18000000	0.24056604
3.19000000	0.23981191
3.20000000	0.23906250
3.21000000	0.23831776
3.22000000	0.23757764
3.23000000	0.23684211
3.24000000	0.23611111
3.25000000	0.23538462
3.26000000	0.23466258
3.27000000	0.23394495
3.28000000	0.23323171
3.29000000	0.23252280
3.30000000	0.23181818
3.31000000	0.23111782
3.32000000	0.23042169
3.33000000	0.22972973
3.34000000	0.22904192
3.35000000	0.22835821
3.36000000	0.22767857
3.37000000	0.22700297
3.38000000	0.22633136
3.39000000	0.22566372
3.40000000	0.22500000
3.41000000	0.22434018
3.42000000	0.22368421
3.43000000	0.22303207
3.44000000	0.22238372
3.45000000	0.22173913
3.46000000	0.22109827
3.47000000	0.22046110
3.48000000	0.21982759
3.49000000	0.21919771
3.50000000	0.21857143
3.51000000	0.21794872
3.52000000	0.21732955
3.53000000	0.21671388
3.54000000	0.21610169
3.55000000	0.21549296
3.56000000	0.21488764
3.57000000	0.21428571
3.58000000	0.21368715
3.59000000	0.21309192
3.60000000	0.21250000
3.61000000	0.21191136
3.62000000	0.21132597
3.63000000	0.21074380
3.64000000	0.21016484
3.65000000	0.20958904
3.66000000	0.20901639
3.67000000	0.20844687
3.68000000	0.20788043
3.69000000	0.20731707
3.70000000	0.20675676
3.71000000	0.20619946
3.72000000	0.20564516
3.73000000	0.20509383
3.74000000	0.20454545
3.75000000	0.20400000
3.76000000	0.20345745
3.77000000	0.20291777
3.78000000	0.20238095
3.79000000	0.20184697
3.80000000	0.20131579
3.81000000	0.20078740
3.82000000	0.20026178
3.83000000	0.19973890
3.84000000	0.19921875
3.85000000	0.19870130
3.86000000	0.19818653
3.87000000	0.19767442
3.88000000	0.19716495
3.89000000	0.19665810
3.90000000	0.19615385
3.91000000	0.19565217
3.92000000	0.19515306
3.93000000	0.19465649
3.94000000	0.19416244
3.95000000	0.19367089
3.96000000	0.19318182
3.97000000	0.19269521
3.98000000	0.19221106
3.99000000	0.19172932
4.00000000	0.19125000
4.01000000	0.19077307
4.02000000	0.19029851
4.03000000	0.18982630
4.04000000	0.18935644
4.05000000	0.18888889
4.06000000	0.18842365
4.07000000	0.18796069
4.08000000	0.18750000
4.09000000	0.18658425
4.10000000	0.18567519
4.11000000	0.18477276
4.12000000	0.18387690
4.13000000	0.18298753
4.14000000	0.18210460
4.15000000	0.18122804
4.16000000	0.18035780
4.17000000	0.17949382
4.18000000	0.17863602
4.19000000	0.17778436
4.20000000	0.17693878
4.21000000	0.17609921
4.22000000	0.17526560
4.23000000	0.17443791
4.24000000	0.17361606
4.25000000	0.17280000
4.26000000	0.17198968
4.27000000	0.17118506
4.28000000	0.17038606
4.29000000	0.16959265
4.30000000	0.16880476
4.31000000	0.16802235
4.32000000	0.16724537
4.33000000	0.16647377
4.34000000	0.16570749
4.35000000	0.16494649
4.36000000	0.16419072
4.37000000	0.16344014
4.38000000	0.16269469
4.39000000	0.16195433
4.40000000	0.16121901
4.41000000	0.16048869
4.42000000	0.15976331
4.43000000	0.15904285
4.44000000	0.15832725
4.45000000	0.15761646
4.46000000	0.15691045
4.47000000	0.15620918
4.48000000	0.15551260
4.49000000	0.15482066
4.50000000	0.15413333
4.51000000	0.15345057
4.52000000	0.15277234
4.53000000	0.15209859
4.54000000	0.15142929
4.55000000	0.15076440
4.56000000	0.15010388
4.57000000	0.14944769
4.58000000	0.14879579
4.59000000	0.14814815
4.60000000	0.14750473
4.61000000	0.14686549
4.62000000	0.14623039
4.63000000	0.14559941
4.64000000	0.14497250
4.65000000	0.14434964
4.66000000	0.14373077
4.67000000	0.14311588
4.68000000	0.14250493
4.69000000	0.14189788
4.70000000	0.14129470
4.71000000	0.14069536
4.72000000	0.14009983
4.73000000	0.13950807
4.74000000	0.13892004
4.75000000	0.13833573
4.76000000	0.13775510
4.77000000	0.13717812
4.78000000	0.13660475
4.79000000	0.13603497
4.80000000	0.13546875
4.81000000	0.13490606
4.82000000	0.13434686
4.83000000	0.13379113
4.84000000	0.13323885
4.85000000	0.13268998
4.86000000	0.13214449
4.87000000	0.13160236
4.88000000	0.13106356
4.89000000	0.13052806
4.90000000	0.12999584
4.91000000	0.12946686
4.92000000	0.12894111
4.93000000	0.12841855
4.94000000	0.12789916
4.95000000	0.12738292
4.96000000	0.12686980
4.97000000	0.12635977
4.98000000	0.12585281
4.99000000	0.12534889
5.00000000	0.12484800
